0.8147    0.1576
0.9058    0.9706
0.1270    0.9572
0.9134    0.4854
0.6324    0.8003
0.0975    0.1419
0.2785    0.4218
0.5469    0.9157
0.9575    0.7922
0.9649    0.9595
1.5060    1.2387
0.8318    1.1816
1.0769    1.5655
0.8462    1.5952
0.8971    0.9869
1.6235    1.2898
1.4948    1.2456
1.1171    1.4463
1.7502    1.5094
0.8344    1.5547
0.6557    0
0.0357    0
0.8491    0
0.9340    0
0.6787    0
0.7577    0
0.7431    0
0.3922    0
0.6555    0
0.1712    0
1.0760    1
1.4797    1
1.4551    1
0.9626    1
0.9190    1
1.2984    1
1.7597    1
1.1404    1
1.3853    1
1.0238    1