   -1.8389   -0.5316  -73.6451
   -1.3228    2.0871  -70.9887
    3.1506    1.2024  -71.1954
    0.6317    1.7342  -48.6529
   -0.1603    4.4674  -39.1770
    0.9042    4.5410  -31.9743
   -2.1163    6.4632  -21.5734
    0.4916    5.8321   -5.7056
    0.8266    7.9598   17.8668
   -1.8912    7.7702   35.8260
    0.9792    8.5733   28.4593
   -0.0379   12.8438   27.6026
   -1.4685   11.0056   41.9771
    0.3740   11.7078    7.0353
    1.5827   12.2613   16.7319
    1.8582    0.4234  -68.7475
    0.5667    1.7395  -60.1070
    0.1085    2.6378  -32.8764
    0.2472    3.3555  -30.1172
    1.3444    5.3145  -47.9163
    0.3426    4.9044  -12.5348
    0.3651    6.0657   19.7822
    1.1989    6.1525   46.7669
    0.1773    8.9254   49.2697
    0.6547    8.0586   56.6319
    0.7112   10.5894   51.1524
    2.4190   12.6823   56.6286
    1.4055   12.0907   49.3339
    0.1097   11.9753   24.0110
   -0.9607   15.4903   19.7675
    2.5456    0.1489  -36.2045
    2.6103    0.5509  -55.6479
    1.8027    1.2550  -26.6333
    1.1428    3.7009  -22.6464
    2.0701    3.4181   19.9059
    3.0904    4.8064   32.4945
    2.0483    5.3149   33.4400
    1.9181    7.3773   78.3051
    0.5386    8.1795   77.9873
    3.9003    9.9693   87.6983
    1.9472   10.7772   69.7316
    1.9135   11.6919   64.6023
    2.5268   12.1034   35.6019
    1.1644   15.1964   45.0614
    2.7627   14.0794   30.1156
    3.3557   -0.1500  -25.6503
    3.6391    0.5571  -14.7812
    2.6485    1.1903   19.1337
    2.7802    1.7444   16.3604
    4.0082    3.1802   43.9601
    1.8809    4.3456   55.2889
    3.4589    7.7743   67.8761
    2.8888    7.3325   88.4807
    1.5893    8.6358  106.1111
    5.0587    9.3093   98.9680
    3.8620    8.1965   99.8364
    3.5560    8.9988   84.0549
    2.5394    9.6536   72.8536
    3.3940   13.5041   50.9003
    2.7782   14.7791   22.8007
    3.0857    0.5589   -9.3239
    2.5118    1.6469  -42.1840
    5.6024    0.0427   22.4477
    4.2807    2.6753   38.3987
    2.0582    3.0138   59.9978
    2.4469    4.7279   81.8784
    0.8652    6.7381   96.4634
    2.4622    8.3254  106.1021
    3.4038    8.4815  109.5732
    2.7778    9.5681  116.2964
    3.6892    9.4777  119.3053
    2.4976    9.3910  124.9237
    3.8013   13.7598   96.3617
    4.1192   14.9405   44.2404
    3.5055   13.0883   40.9436
    6.0967    0.1907   11.8317
    4.8180    2.1855   23.7915
    3.7057    0.9200   38.4135
    4.5737    3.6693   60.5379
    4.6962    1.9508   55.0657
    4.4920    6.4311   81.8689
    5.9655    6.5172  101.0498
    6.3918    5.8014  126.4077
    6.6357    7.9559  143.9383
    4.2585   10.7528  125.9031
    4.0935   11.1581  112.2641
    5.4678   10.2312  109.6732
    3.2014    9.6910   80.6387
    5.0411   13.6306   45.7877
    4.7477   11.1804   18.2090
    5.2784    0.0532   10.0760
    7.1652    0.3134   19.3655
    5.0829    2.5351   42.2416
    6.1977    3.8637   52.3619
    5.4572    4.1464   76.9401
    4.3529    5.1802  105.4208
    6.9648    5.6821  128.4580
    5.5312    6.5178  118.5954
    3.9019    7.3566  127.8440
    4.0614    7.6240  113.7147
    5.7664    9.0617  117.7057
    7.8407   12.0716   99.3516
    5.4393   10.9268   93.5012
    5.0131   10.7135   47.9632
    6.4633   13.8521   53.0567
    6.9713    0.5662    9.4943
    8.8122    1.5304   29.9834
    8.3407    1.9245   42.9869
    6.1600    2.4806   83.6843
    5.7708    3.8442   84.7982
    7.9960    5.2556   98.4495
    7.2549    4.8582  111.0131
    7.2355    7.3906   89.4028
    6.0440    7.3334  110.6932
    8.0315    8.2321  121.1754
    6.8180    9.8465   99.1509
    6.1263   11.7225  106.7621
    6.9784   12.3820   80.2465
    5.2150   14.1686   37.0095
    8.2557   12.6742   35.6503
    6.9073    0.5459   15.7664
    8.8395    1.9953   47.9466
    9.6501    2.0469   60.2916
    7.1752    3.8260   44.6563
    8.1439    5.1259   59.4480
    6.6987    5.9391   72.7769
    7.6310    7.7924   75.9929
    8.6546    6.9753   88.3272
    9.7050    6.3465   93.7241
    6.5491    8.5760   69.9949
    8.7320   10.8391   60.9121
    9.2920   10.5436   82.0958
    8.7345   12.0345   60.1815
    7.9125   13.0476   27.1233
    7.2822   14.0494   24.3501
    9.7241    1.0067   19.1701
   10.0198    0.8200   23.5979
   10.0117    2.2732   41.7101
    8.3855    3.2605   49.3037
    8.1423    3.9812   37.1448
    9.6710    3.3232   64.4419
    9.9491    6.4940   50.8950
    8.6718    6.4028   59.0968
    7.7206    7.9979   52.9878
    8.7273    8.5077   77.8993
   10.8211    9.7427   44.9823
    9.0704    9.4192   57.0403
    8.9342   11.3866   48.1877
    6.5615   13.4904   18.6763
    9.3289   14.5461    1.6218
   11.2282   -0.3960   25.7922
   11.0442   -1.3664   31.1171
   10.2152    0.9424   23.3756
    9.3831    3.6955   22.9274
   11.0412    4.3085   31.0076
   10.7198    4.4201   18.6198
    9.9099    6.8914   18.0328
    8.9611    5.1886   26.2894
    9.0420    8.1049   25.4782
    9.6131    7.8970   38.8279
    9.4884   10.1142   24.1397
    9.6514    8.8789   23.0048
    7.6642   11.9859   25.1950
    9.7532   16.5069   14.5582
   11.2484   13.4676    9.1794
    8.9371    0.6474   13.0042
    9.3843   -0.0938   20.2340
   11.5569    3.1737    6.3996
   10.7575    2.1165   -7.9498
    9.9909    2.5671  -14.2947
   10.3216    4.7809  -34.0350
   11.5295    5.1158  -21.4668
   13.0492    7.6308  -33.8823
   10.9834    6.7810  -12.5465
   12.4281    8.3554  -19.9170
   11.3810    8.5685    9.7129
    9.5700   10.9701    0.0005
   12.3429   10.3485    4.9177
   11.1229   13.0540    1.0990
   10.1372   15.2715  -14.3814
   10.6571   -0.5256  -14.6021
   10.4832    0.6399    9.4065
   12.3313    1.7350  -29.3621
   13.6968    1.4835  -34.6573
   12.0933    4.6498  -45.4376
   13.0795    6.3344  -59.5002
   13.4625    5.8527  -46.1876
   13.0875    7.6258  -54.3169
   11.8667    8.0313  -38.8585
   11.2330    9.2485  -37.4790
   12.0088    9.1306  -50.3134
   12.1597   10.7596  -14.2148
   13.2091   10.1141  -26.2296
   11.7522   10.8623  -12.3064
   12.9538   13.5923    3.6436
   13.1164    0.8654   12.5291
   12.9683    0.6926  -23.9993
   11.9372    3.3916  -43.6447
   13.2985    4.1959  -49.6901
   12.0984    3.6798  -73.7234
   11.6461    3.3593  -89.5106
   11.6216    6.1808  -96.0811
   13.6267    7.8019  -79.0812
   14.0719    5.9118  -71.0405
   12.9038    9.6822  -76.8764
   13.1342   10.4122  -69.4414
   12.5435   11.5000  -50.3004
   12.6505   13.0386  -28.8214
   14.5443   12.6038  -14.4501
   13.1423   13.5382  -27.2975
   14.9774    1.8105  -22.4302
   13.8037    0.5837  -46.0856
   12.3296    1.6431  -64.5808
   12.9995    3.6542  -85.2130
   14.0227    4.0458 -112.7286
   13.9423    5.2257 -105.5802
   14.3559    5.9969 -115.4354
   14.4444    7.8347 -114.8703
   12.6419    7.5865  -93.0553
   14.2614    9.5562 -101.7615
   14.2016   11.8577  -79.5277
   15.0594   12.0673  -54.0371
   14.1681   11.8930  -39.1834
   14.3039   13.1315  -24.2869
   13.6961   13.4852   -1.2362
   15.0122   -0.7175  -17.1124
   14.5593    0.2833  -39.5259
   18.3198    2.9984  -69.6251
   13.9020    2.6747 -107.3697
   15.8353    4.1478 -133.2165
   16.3578    6.3707 -123.8684
   15.2526    6.4048 -142.0030
   15.5054    5.4313 -120.7361
   14.6015    9.4360 -121.2026
   12.7592    7.9648 -102.7752
   15.1028    8.5102  -73.5621
   15.0320   11.4223  -63.0835
   15.3072   11.9783  -31.4178
   15.7248   13.5153  -11.2186
   13.1777   12.2470  -11.1645
   16.1980    1.7571  -20.5487
   15.5935    0.8652  -46.7433
   15.7980    1.3674  -74.6193
   16.7673    0.7488 -105.3496
   13.8822    2.2814 -142.6004
   16.4222    5.3989 -143.0576
   14.0946    6.5775 -147.7967
   16.2187    5.4678 -139.9127
   16.0941    7.3591 -137.6239
   17.8555    9.5659  -99.3880
   15.3040   10.4650  -78.0010
   17.0878   10.9789  -75.7106
   14.3471   11.5183  -50.4307
   15.1824   13.1210  -11.2097
   16.4772   12.8870   -5.7798
   15.3248   15.2937   18.9560
   16.6844   15.4131    6.9550
   16.4232   16.6796   14.8103
   15.8403   18.1444   -5.9865
   16.9983   19.3547    7.8136
   15.4763   19.7598   -9.3349
   16.7344   21.9169  -21.4540
   16.9673   22.8596  -17.1860
   16.4628   23.4223  -37.2245
   17.6467   24.9671  -24.9853
   16.9921   24.2240  -25.8592
   17.3743   26.1410  -22.0535
   16.0380   27.0704  -28.4901
   16.1643   29.3290  -22.7492
   15.9402   28.7465   -9.9543
   16.1759   28.7327  -23.0933
   16.4018   -0.9069  -10.4233
   16.1812    0.1890  -38.7858
   17.7041    0.1378  -85.2321
   17.5775    3.4608 -121.7599
   17.0321    4.0406 -135.1803
   17.7728    5.2689 -135.3835
   14.7991    5.5880 -139.1997
   17.7349    5.0528 -154.6692
   15.8061    6.5019 -118.1066
   17.8300   10.1513 -100.7788
   17.6130   10.4973  -66.7735
   15.3202   10.8911  -26.7960
   16.7632   11.7871  -21.6267
   16.4195    9.6752  -10.6373
   16.7572   14.0432    4.9376
   17.3008   14.2143   18.7469
   17.2765   15.8603   12.5901
   16.1099   17.7871   19.2483
   17.3234   18.2276   -3.1099
   17.5754   17.7925    5.7881
   17.2400   19.5793   -2.6355
   16.2652   20.1130  -26.4706
   17.5148   21.6716  -35.7136
   16.9934   24.0825  -62.9793
   16.6648   23.0065  -51.4302
   16.9839   24.3461  -57.6501
   16.3414   26.6575  -55.3633
   16.0654   27.0240  -52.8969
   18.1027   26.4840  -38.1290
   17.7386   30.8565  -20.7769
   16.6219   30.7863  -30.2038
   18.3092    1.5106   -3.9594
   17.9256   -0.2042  -42.5396
   20.2713    2.7178  -85.4878
   17.5332    4.1387 -107.6665
   17.0931    4.4685 -114.4868
   19.2279    3.6291 -142.4300
   18.2682    5.7761 -144.1921
   16.2313    7.1189 -118.4176
   16.9121    7.5033 -103.3347
   16.7748    9.2854  -88.8466
   19.7709    8.6078  -64.7043
   20.2257   11.4979  -31.0163
   18.9162   12.5874    8.5143
   16.7812   13.1859   30.3109
   19.8543   14.2829   25.6445
   16.3879   15.3692   53.5772
   17.8014   15.4621   46.2291
   18.8689   16.2995   22.9802
   18.3614   18.1857    8.4991
   19.0017   18.5001  -13.5825
   17.2974   19.4872  -10.8845
   17.1313   21.0175  -59.2544
   19.3193   22.5104  -66.8220
   17.2151   23.2394  -87.1516
   18.3547   24.1676  -73.0908
   18.1826   24.7379  -90.6321
   17.8566   25.1159  -90.9506
   17.6577   26.8485  -84.7201
   17.8410   28.2553  -72.4448
   17.4762   27.4225  -33.2769
   16.4569   29.8073  -22.6544
   21.0830    0.0944    2.1539
   19.7609    1.0287  -40.9859
   19.1515    1.2477  -56.5199
   20.5606    3.2323  -79.1710
   18.9912    4.2237 -119.4989
   20.2457    4.1976 -108.6603
   19.2512    6.5473 -126.2913
   19.4387    7.7410 -107.8578
   19.1551    8.4057  -86.4147
   17.4060    8.8691  -49.5239
   21.1426    9.5624  -15.6748
   18.8076   11.5463    4.8801
   20.7725   12.8295   22.1100
   19.0995   12.7653   55.9399
   17.9314   13.1796   68.4392
   19.1354   14.5905   57.0788
   18.8335   16.3435   58.3920
   18.5163   19.2754   59.2781
   18.4102   16.9635   35.0135
   18.5862   19.1278    4.5253
   18.2930   20.7299  -39.9239
   19.0635   21.4123  -46.8065
   20.6020   22.9959  -80.9576
   19.2995   21.8681  -90.1609
   18.3110   24.3388 -108.3219
   19.3239   24.7244  -99.2347
   18.4707   26.5741  -93.1427
   18.6078   27.6235  -91.9682
   18.3374   27.6073  -76.2219
   19.8033   28.8631  -60.1304
   18.8731   31.1630  -39.7443
   20.1229   -0.0222  -13.0248
   22.1837   -0.2578  -36.0513
   19.8801    1.4654  -61.4979
   19.5600    2.3557 -103.8401
   19.1744    4.4531  -94.0033
   19.7183    5.9157  -99.0643
   20.8178    4.8967  -97.2519
   20.3100    5.5113  -97.3266
   19.8951    9.1653  -52.7604
   19.4978    8.7876  -23.9128
   19.9407   10.7013    7.9673
   20.4159   10.6112   27.3389
   20.5650   11.2663   55.4806
   18.8584   13.6056   60.5150
   20.2551   14.9749   83.2731
   20.2914   15.1871   89.7213
   19.3947   17.0876   71.3339
   20.1921   17.0233   64.6689
   20.0049   18.7352   26.5481
   20.7757   19.5359    9.1231
   19.1531   20.0168  -25.3384
   21.1765   22.1542  -64.7915
   20.5660   21.1059 -105.9672
   19.8805   21.8195  -94.3060
   19.8328   23.6837 -125.9638
   20.5395   23.9526 -100.3607
   20.7471   25.2613 -113.1915
   18.1939   26.4910 -100.9413
   18.7444   24.9813  -67.8544
   20.7351   29.0577  -70.8101
   20.3468   29.0488  -28.9147
   20.0763   -0.3998    0.2233
   20.3615   -0.5756  -21.6082
   22.3330    0.6194  -40.7461
   19.0569    3.3073  -66.7298
   21.4793    3.2689  -83.6527
   21.1234    5.1337  -58.6586
   21.6623    5.9690  -80.4845
   22.9538    7.8949  -47.8205
   20.8614    9.7892  -21.2465
   21.0289    9.3424   -8.4121
   19.1750   11.3298   30.0959
   22.0672   10.8971   76.8979
   21.8927   10.5051   88.2716
   22.0929   14.0755   87.3951
   22.8024   14.6086  109.2559
   22.3929   13.9849  113.8781
   23.5410   18.2940   99.7600
   20.3232   18.0668   67.0157
   19.7048   18.5585   48.8797
   19.8092   17.9097   15.5718
   21.0077   21.8560  -37.1593
   21.6250   19.9184  -50.6955
   21.2586   21.4891  -90.5517
   20.3959   23.7873 -115.4384
   21.0157   25.0186 -128.8484
   22.4679   25.2542 -123.8027
   21.3886   26.9446 -104.7836
   20.6115   27.1628 -112.3310
   21.6414   28.5223  -72.7083
   21.1959   29.1216  -42.7503
   21.3699   30.1393  -10.9097
   23.2644    0.3198   -1.5601
   21.9789   -0.6949    2.3199
   21.0987   -0.4569  -27.9462
   23.2378    3.7928  -32.9873
   22.5982    4.3490  -50.6832
   23.4115    4.5179  -46.2359
   21.1211    4.8320  -42.4851
   20.7728    8.1697  -33.9854
   22.5914    8.7557   13.2265
   22.0102   11.0288   37.9351
   23.6959    9.0494   55.3028
   22.4032   11.3752   76.5234
   23.1281   11.8475  127.4634
   21.0086   13.2381  113.7302
   20.8309   13.5491  122.4466
   20.9691   14.0797  109.6062
   22.5863   15.9931   97.6471
   21.6478   17.2209   76.3189
   20.4993   17.9775   37.6545
   20.9948   19.6206   15.6489
   22.2834   20.8569  -24.8802
   21.4405   20.3965  -57.2914
   22.5351   22.8515  -75.3282
   23.9938   21.0148 -103.7515
   22.1390   22.9430 -136.2241
   23.2199   26.4703 -131.5362
   21.8131   26.0565 -121.0032
   23.2947   25.1440  -87.2604
   21.3074   28.2426  -64.3411
   20.2432   27.9559  -36.2667
   23.1940   28.7023  -30.5280
   23.4282   -0.2671   28.6665
   23.8139    1.2944   -6.5143
   22.0117    2.4066  -17.7594
   23.0414    2.6152  -14.2453
   23.4887    3.9507  -28.7194
   24.1451    4.5217  -41.9472
   19.8349    7.6939  -10.2610
   23.3195    7.0103    6.6664
   21.9728    7.7143   19.8267
   22.3309    9.4453   55.6134
   22.7427   10.1516   94.2242
   20.9746   12.0394  100.4524
   23.7584   12.6913  124.3491
   22.4282   12.9098  147.9134
   21.7399   13.2783  147.4371
   23.8523   18.4987  128.2524
   23.6353   14.7708  115.8099
   22.4020   17.3411   88.3090
   23.7302   16.9777   49.4699
   21.9073   18.6776   17.8931
   22.4440   21.2257  -14.3230
   22.3001   19.8857  -68.3053
   22.8031   22.6234  -90.6300
   21.8259   24.1728 -112.2711
   22.7602   23.4333 -117.2384
   23.3418   23.3125 -120.1916
   24.9321   25.2349 -113.8694
   22.6062   27.2087  -97.4858
   22.1280   26.8456  -68.3813
   23.5431   29.4675  -39.4299
   24.6744   29.3777  -16.1230
   24.8665    0.1933   27.7693
   22.7500    0.9989   11.8412
   23.1462    0.7472   -9.6454
   22.1876    2.5644  -13.1477
   22.7925    5.5450  -30.3383
   22.7384    5.9026  -15.3890
   24.9713    6.2165    4.6516
   25.1960    6.8941    6.3014
   23.2271    7.3345   44.8459
   23.7710    7.2701   52.5069
   21.6375   10.2729  110.7140
   24.7922   12.0781  118.5540
   21.7145   11.9331  122.0204
   23.6006   12.6071  139.9418
   23.3882   15.0183  162.0397
   23.6671   14.5092  138.6500
   22.4098   14.4966  117.6202
   24.5966   18.1255   92.3327
   25.6497   16.1050   79.1211
   23.1312   18.3255    5.5902
   25.0708   20.8030  -12.7235
   23.5504   22.1329  -52.6303
   25.3507   22.2301  -65.6468
   24.5867   23.6941  -92.1523
   23.2428   23.3950 -123.9700
   25.3402   23.1352 -115.7419
   25.8654   25.7322  -94.0743
   23.9627   26.7592  -62.4506
   23.5626   26.3497  -55.3652
   23.8301   28.0754  -15.9374
   26.6409   30.9378   15.2244
   24.3448   -1.5434   43.3277
   26.5851    1.3164   24.5589
   25.5599    2.6913    7.3178
   23.8600    2.9748   14.0078
   24.3571    4.5393   -3.8452
   25.3041    3.6492    9.9505
   24.4264    6.1903   11.2762
   26.1368    5.8647   19.4329
   25.3640    6.7776   49.9293
   23.9570    7.6299   89.5604
   25.3773   11.0073   98.5007
   25.9137   10.9207  124.9851
   25.3582   11.8278  143.8978
   23.5581   13.9815  130.0662
   24.5462   13.6796  134.5847
   25.9304   15.0736  140.1787
   24.6768   15.1709  106.5183
   24.7170   17.9935   81.0369
   24.8308   19.1589   57.3491
   25.9745   20.3137   23.8911
   23.0230   19.7435  -17.9838
   25.1752   22.6838  -42.4163
   24.7998   20.5196  -64.3920
   23.7978   22.8109  -84.0192
   24.0455   24.1569  -85.8317
   24.7552   24.5692  -94.3814
   23.7957   26.2625  -76.0318
   25.6179   27.5617  -45.8391
   24.8337   26.8747  -36.2152
   24.3081   30.4431   -2.6912
   25.4595   30.3778   19.9961
   26.1479   -1.0155   42.9528
   26.9416   -0.2496   19.0394
   27.7590    1.6041   -1.7235
   25.4983    2.2834   18.7555
   26.5222    5.1426  -14.1914
   27.0569    4.5300   -2.3696
   24.4034    5.8669   14.1211
   26.1580    6.9669   41.1374
   26.9727    9.7228   58.8103
   25.6850    9.5151   89.2683
   25.6390   11.2978  110.5424
   25.3188   11.0103  124.0171
   24.9386   11.2946  126.1132
   25.7098   12.6951  152.5373
   25.6201   12.5051  137.8919
   27.2943   16.9603  119.5714
   26.8172   14.9669   90.3960
   27.9044   17.0625   84.7125
   26.7303   17.6915   66.5259
   26.7661   17.1682   19.7143
   25.4866   18.9720  -32.1544
   26.4969   21.5505  -34.6699
   25.1600   22.1853  -59.1048
   24.8589   23.5036  -78.7388
   26.2777   23.7600  -74.3778
   25.5879   24.7594  -71.0704
   25.6941   25.8749  -58.5489
   26.2369   28.0720  -42.4913
   26.1073   27.5358  -18.7928
   26.6804   27.7877   27.3833
   26.7144   29.7493   56.8227
   26.9250    0.2979   26.5233
   28.7242    0.9163    2.2809
   27.5914    1.3670   20.3300
   25.0136    2.7962  -15.0293
   27.7944    3.0687   19.5698
   26.4804    3.8202    4.7258
   29.5740    6.1774    7.7838
   26.1221    6.7624   26.1403
   27.1222    9.8741   49.5020
   28.4584    7.2594   53.6782
   25.3091    9.3248   82.9817
   26.2423   10.8871  106.5767
   26.6945   12.5104  117.7357
   28.8944   14.4351  115.5724
   25.6179   13.3100  118.0164
   26.9257   12.7427   96.3855
   25.6082   18.4361   70.4589
   25.9415   18.3584   53.0670
   27.4951   17.6253   47.8085
   27.4794   18.7495   -7.3147
   27.0480   21.5315  -13.3962
   25.8902   22.3675  -32.5070
   25.4022   22.6441  -40.8655
   25.8585   23.4023  -42.5130
   27.6746   23.0822  -45.5405
   25.8203   26.2166  -46.4805
   27.9722   25.7150  -34.1197
   26.6464   25.7956  -18.7274
   26.2253   29.1549   -0.1943
   24.8762   28.7169   39.9874
   27.3791   31.1427   71.3692
   27.9864   -0.0767   36.4081
   26.6926   -0.1009   -6.6802
   28.8344    1.6350  -12.1299
   27.5059    2.6910    1.6757
   28.5143    4.2649    3.6528
   27.1469    4.2804  -32.5083
   28.5248    6.0602   -9.0832
   29.1540    6.6726   13.2825
   28.3623    7.4858   36.0072
   27.1241   10.5308   48.9337
   28.1625    8.3537   75.7493
   27.2059   10.6658   52.6108
   27.4321   11.6255   81.2128
   28.0074   14.6217   83.8902
   28.7504   13.3653   86.8792
   28.0513   15.8945   70.1285
   27.4992   17.3533   52.1070
   29.6163   15.1794   39.6336
   28.4006   18.0578   11.3499
   28.7429   17.6543    8.0165
   27.6086   19.1703  -28.8824
   27.6301   21.6344  -42.8519
   29.7072   22.9848  -41.2041
   29.9103   22.6701  -48.8664
   28.7272   23.4804  -54.6530
   27.4553   25.9406  -64.2619
   27.6520   25.5989  -14.6912
   29.3617   26.6451   14.2314
   28.9946   29.4084   16.5571
   28.4532   28.4496   55.2583
   28.7900   30.4439   72.6471
   28.8023    0.4900    2.6878
   29.9566    0.1571   -8.8151
   28.5355    1.4138  -13.9871
   27.3263    1.5025  -13.8059
   29.1691    5.9848  -18.3427
   29.3973    6.0509  -25.7998
   30.3396    5.2246  -16.1902
   29.1326    6.7236   -7.1855
   26.8347    9.7955    5.1172
   29.5571    7.5773   15.9851
   30.3087    8.8602   30.2423
   27.8997   10.6694   49.5935
   28.3196   11.2268   42.9329
   28.6829   13.1944   73.7049
   28.3796   15.0920   56.3429
   29.2243   14.0960   31.6982
   29.9468   13.6013   30.9414
   27.6718   16.1940   21.4918
   29.3875   18.0526    8.3503
   30.6994   17.1305  -11.9830
   30.2989   20.1039  -18.9611
   29.2779   19.3364  -34.2521
   29.0595   22.8037  -53.9901
   28.1655   23.0754  -52.6561
   30.1798   23.7337  -35.5825
   28.4508   25.6922    4.4092
   28.7509   26.1533    1.8373
   28.8764   26.4850   28.3742
   29.1582   26.3584   62.5883
   28.8002   29.3845   86.8821
   27.9212   30.0958   84.8302
   29.5026    0.0225    2.6692
   30.4170    2.2486   -5.1641
   30.4550    0.7170  -40.8129
   31.1656    3.4307  -25.0748
   28.2398    3.3641  -30.8189
   28.4745    4.2451  -30.4191
   29.9292    4.7692  -17.0868
   29.1561    7.2200  -28.3252
   29.9184    7.7254  -16.0040
   29.7041    9.2277    3.3144
   32.2042   10.3934    0.0201
   31.0579   10.5339   11.1257
   32.4756   11.2702   27.0492
   30.4063   11.6984   20.5781
   31.1266   14.0018    9.2047
   29.2290   15.6003   -3.5433
   30.0508   15.9287    3.8622
   28.9860   16.1228   -3.2302
   30.0328   16.7514   -2.9990
   30.8837   19.5761  -24.3842
   30.0724   20.4720  -42.4217
   30.9261   18.8169  -31.6740
   32.7427   21.8562  -41.7042
   28.4479   23.5456  -16.2116
   29.5474   26.1512  -24.3725
   30.3739   24.2006    1.3313
   31.5657   26.7181   31.5341
   29.4875   27.9931   35.3052
   30.9753   26.4961   56.8043
   29.4637   28.1098   67.4850
   29.6378   30.8574   77.3043
